000001 2
000002 1
000003 2
000004 2
000005 1
000006 2
000007 2
000008 1
000009 2
000010 1
000011 2
000012 2
000013 3
000014 1
000015 1
000016 2
000017 1
000018 1
000019 2
000020 3
000021 1
000022 1
000023 2
000024 2
000025 1
000026 2
000027 2
000028 2
000029 3
000030 3
000031 2
000032 3
000033 2
000034 1
000035 2
000036 2
000037 2
000038 2
000039 2
000040 1
000041 2
000042 1
000043 2
000044 1
000045 1
000046 2
000047 2
000048 2
000049 2
000050 2
000051 2
000052 2
000053 2
000054 2
000055 1
000056 1
000057 1
000058 1
000059 1
000060 2
000061 2
000062 2
000063 1
000064 1
000065 1
000066 2
000067 1
000068 2
000069 1
000070 2
000071 2
000072 1
000073 2
000074 2
000075 1
000076 1
000077 2
000078 1
000079 3
000080 2
000081 2
000082 1
000083 2
000084 2
000085 2
000086 2
000087 1
000088 3
000089 2
000090 1
000091 1
000092 1
000093 1
000094 1
000095 2
000096 2
000097 1
000098 2
000099 1
000100 2
000101 1
000102 2
000103 1
000104 1
000105 3
000106 1
000107 2
000108 2
000109 1
000110 2
000111 1
000112 1
000113 2
000114 2
000115 1
000116 2
000117 1
000118 1
000119 2
000120 2
000121 1
000122 2
000123 2
000124 2
000125 1
000126 2
000127 1
000128 3
000129 2
000130 2
000131 1
000132 2
000133 2
000134 1
000135 1
000136 1
000137 1
000138 2
000139 2
000140 1
000141 2
000142 2
000143 1
000144 2
000145 2
000146 1
000147 2
000148 1
000149 2
000150 2
000151 1
000152 2
000153 1
000154 3
000155 2
000156 1
000157 2
000158 3
000159 2
000160 3
000161 1
000162 1
000163 1
000164 1
000165 2
000166 2
000167 3
000168 1
000169 2
000170 1
000171 2
000172 2
000173 1
000174 2
000175 3
000176 1
000177 2
000178 1
000179 1
000180 1
000181 2
000182 2
000183 1
000184 2
000185 1
000186 1
000187 2
000188 1
000189 1
000190 2
000191 2
000192 2
000193 3
000194 1
000195 2
000196 2
000197 2
000198 2
000199 1
000200 2
000201 3
000202 1
000203 3
000204 2
000205 2
000206 2
000207 1
000208 1
000209 2
000210 3
000211 2
000212 2
000213 1
000214 1
000215 1
000216 1
000217 2
000218 2
000219 2
000220 1
000221 2
000222 2
000223 2
000224 1
000225 1
000226 1
000227 2
000228 2
000229 1
000230 2
000231 2
000232 2
000233 1
000234 1
000235 2
000236 2
000237 2
000238 1
000239 2
000240 2
000241 1
000242 2
000243 2
000244 2
000245 2
000246 2
000247 2
000248 2
000249 2
000250 1
000251 2
000252 1
000253 1
000254 2
000255 1
000256 2
000257 1
000258 3
000259 2
000260 2
000261 1
000262 2
000263 3
000264 1
000265 1
000266 2
000267 3
000268 3
000269 2
000270 2
000271 2
000272 3
000273 2
000274 1
000275 2
000276 1
000277 3
000278 2
000279 2
000280 2
000281 2
000282 2
000283 2
000284 1
000285 3
000286 2
000287 1
000288 1
000289 3
000290 2
000291 2
000292 1
000293 2
000294 1
000295 3
000296 1
000297 1
000298 2
000299 2
000300 2
000301 2
000302 2
000303 1
000304 2
000305 3
000306 2
000307 3
000308 2
000309 1
000310 2
000311 1
000312 1
000313 2
000314 2
000315 1
000316 1
000317 2
000318 2
000319 2
000320 3
000321 1
000322 1
000323 2
000324 3
000325 2
000326 2
000327 3
000328 1
000329 2
000330 1
000331 2
000332 2
000333 1
000334 2
000335 2
000336 2
000337 1
000338 2
000339 1
000340 2
000341 2
000342 1
000343 2
000344 2
000345 2
000346 3
000347 2
000348 2
000349 2
000350 2
000351 1
000352 1
000353 2
000354 1
000355 2
000356 2
000357 1
000358 1
000359 1
000360 1
000361 2
000362 3
000363 2
000364 1
000365 1
000366 1
000367 1
000368 2
000369 1
000370 1
000371 2
000372 3
000373 3
000374 2
000375 2
000376 1
000377 2
000378 2
000379 2
000380 1
000381 1
000382 1
000383 1
000384 1
000385 2
000386 2
000387 1
000388 2
000389 2
000390 2
000391 1
000392 2
000393 1
000394 2
000395 3
000396 2
000397 2
000398 2
000399 2
000400 2
000401 2
000402 1
000403 1
000404 3
000405 1
000406 1
000407 1
000408 2
000409 1
000410 1
000411 1
000412 2
000413 1
000414 2
000415 2
000416 3
000417 2
000418 2
000419 2
000420 3
000421 1
000422 1
000423 2
000424 1
000425 1
000426 2
000427 2
000428 2
000429 2
000430 2
000431 2
000432 2
000433 2
000434 1
000435 2
000436 2
000437 2
000438 2
000439 2
000440 1
000441 2
000442 2
000443 2
000444 1
000445 1
000446 3
000447 3
000448 1
000449 1
000450 2
000451 2
000452 1
000453 2
000454 1
000455 2
000456 1
000457 2
000458 1
000459 2
000460 1
000461 2
000462 1
000463 2
000464 2
000465 2
000466 2
000467 3
000468 3
000469 1
000470 1
000471 1
000472 2
000473 1
000474 1
000475 1
000476 3
000477 1
000478 1
000479 1
000480 2
000481 2
000482 1
000483 1
000484 2
000485 1
000486 1
000487 1
000488 1
000489 2
000490 1
000491 1
000492 2
000493 1
000494 2
000495 1
000496 2
000497 1
000498 2
000499 2
000500 2
000501 1
000502 2
000503 2
000504 1
000505 2
000506 1
000507 2
000508 1
000509 2
000510 2
000511 1
000512 2
000513 2
000514 2
000515 2
000516 2
000517 2
000518 2
000519 3
000520 2
000521 1
000522 1
000523 2
000524 2
000525 2
000526 1
000527 2
000528 1
000529 3
000530 1
000531 2
000532 1
000533 2
000534 2
000535 1
000536 2
000537 1
000538 2
000539 1
000540 1
000541 2
000542 1
000543 2
000544 2
000545 2
000546 1
000547 1
000548 2
000549 2
000550 1
000551 2
000552 1
000553 3
000554 1
000555 2
000556 1
000557 1
000558 2
000559 1
000560 3
000561 3
000562 2
000563 2
000564 2
000565 1
000566 2
000567 2
000568 2
000569 2
000570 2
000571 1
000572 2
000573 3
000574 1
000575 2
000576 1
000577 2
000578 1
000579 2
000580 1
000581 2
000582 3
000583 1
000584 1
000585 2
000586 1
000587 2
000588 2
000589 2
000590 2
000591 1
000592 2
000593 2
000594 1
000595 2
000596 3
000597 2
000598 2
000599 2
000600 2
000601 2
000602 2
000603 1
000604 2
000605 1
000606 3
000607 2
000608 2
000609 1
000610 2
000611 2
000612 1
000613 2
000614 1
000615 1
000616 2
000617 1
000618 1
000619 2
000620 1
000621 1
000622 2
000623 1
000624 1
000625 2
000626 1
000627 1
000628 2
000629 2
000630 2
000631 1
000632 2
000633 2
000634 2
000635 2
000636 2
000637 2
000638 1
000639 2
000640 2
000641 2
000642 1
000643 2
000644 1
000645 3
000646 2
000647 2
000648 1
000649 2
000650 2
000651 1
000652 2
000653 1
000654 2
000655 2
000656 1
000657 1
000658 1
000659 1
000660 2
000661 2
000662 2
000663 2
000664 1
000665 2
000666 2
000667 2
000668 2
000669 3
000670 1
000671 2
000672 2
000673 2
000674 1
000675 2
000676 2
000677 2
000678 2
000679 2
000680 1
000681 1
000682 1
000683 2
000684 2
000685 1
000686 2
000687 1
000688 1
000689 1
000690 1
000691 2
000692 1
000693 2
000694 3
000695 2
000696 1
000697 2
000698 1
000699 2
000700 1
000701 2
000702 1
000703 1
000704 2
000705 1
000706 2
000707 2
000708 2
000709 3
000710 2
000711 2
000712 2
000713 2
000714 1
000715 2
000716 2
000717 1
000718 1
000719 2
000720 1
000721 2
000722 1
000723 1
000724 2
000725 2
000726 2
000727 1
000728 3
000729 2
000730 3
000731 1
000732 1
000733 1
000734 1
000735 1
000736 1
000737 1
000738 1
000739 1
000740 2
000741 1
000742 2
000743 1
000744 2
000745 2
000746 1
000747 3
000748 1
000749 2
000750 2
000751 1
000752 1
000753 1
000754 2
000755 1
000756 2
000757 1
000758 2
000759 2
000760 2
000761 1
000762 1
000763 2
000764 2
000765 2
000766 3
000767 2
000768 1
000769 2
000770 1
000771 2
000772 3
000773 3
000774 2
000775 1
000776 3
000777 1
000778 1
000779 2
000780 1
000781 2
000782 2
000783 2
000784 2
000785 1
000786 2
000787 1
000788 2
000789 2
000790 2
000791 2
000792 2
000793 1
000794 1
000795 2
000796 2
000797 2
000798 2
000799 2
000800 3
000801 3
000802 2
000803 2
000804 1
000805 2
000806 1
000807 1
000808 1
000809 1
000810 1
000811 2
000812 2
000813 2
000814 1
000815 2
000816 3
000817 1
000818 2
000819 3
000820 2
000821 3
000822 2
000823 2
000824 1
000825 1
000826 1
000827 1
000828 3
000829 1
000830 1
000831 2
000832 2
000833 3
000834 1
000835 1
000836 2
000837 2
000838 1
000839 1
000840 2
000841 2
000842 2
000843 2
000844 2
000845 1
000846 1
000847 1
000848 2
000849 2
000850 1
000851 2
000852 2
000853 1
000854 3
000855 1
000856 1
000857 1
000858 2
000859 3
000860 2
000861 1
000862 1
000863 2
000864 2
000865 2
000866 3
000867 2
000868 1
000869 1
000870 3
000871 2
000872 2
000873 2
000874 1
000875 3
000876 2
000877 1
000878 2
000879 2
000880 2
000881 1
000882 1
000883 2
000884 2
000885 2
000886 3
000887 1
000888 2
000889 2
000890 1
000891 1
000892 1
000893 2
000894 3
000895 1
000896 2
000897 2
000898 1
000899 1
000900 2
000901 3
000902 2
000903 1
000904 2
000905 2
000906 1
000907 2
000908 1
000909 2
000910 2
000911 3
000912 2
000913 2
000914 2
000915 2
000916 2
000917 2
000918 2
000919 2
000920 2
000921 1
000922 2
000923 2
000924 1
000925 3
000926 1
000927 1
000928 1
000929 2
000930 1
000931 2
000932 1
000933 2
000934 2
000935 2
000936 2
000937 2
000938 2
000939 2
000940 2
000941 1
000942 2
000943 1
000944 2
000945 2
000946 2
000947 2
000948 1
000949 2
000950 3
000951 1
000952 3
000953 1
000954 3
000955 1
000956 1
000957 1
000958 1
000959 2
000960 1
000961 2
000962 2
000963 1
000964 1
000965 1
000966 1
000967 2
000968 1
000969 2
000970 1
000971 1
000972 2
000973 2
000974 2
000975 1
000976 2
000977 2
000978 2
000979 2
000980 2
000981 2
000982 2
000983 1
000984 2
000985 2
000986 1
000987 1
000988 2
000989 2
000990 2
000991 1
000992 1
000993 2
000994 2
000995 3
000996 2
000997 1
000998 3
000999 1
001000 1
001001 2
001002 1
001003 3
001004 2
001005 3
001006 1
001007 1
001008 2
001009 2
001010 2
001011 2
001012 2
001013 2
001014 2
001015 2
001016 1
001017 1
001018 1
001019 2
001020 2
001021 2
001022 2
001023 1
001024 1
001025 1
001026 1
001027 3
001028 1
001029 2
001030 1
001031 1
001032 2
001033 1
001034 1
001035 1
001036 2
001037 1
001038 2
001039 2
001040 1
001041 2
001042 2
001043 2
001044 1
001045 2
001046 1
001047 2
001048 2
001049 1
001050 1
001051 2
001052 1
001053 3
001054 2
001055 2
001056 2
001057 2
001058 1
001059 2
001060 2
001061 1
001062 2
001063 2
001064 1
001065 1
001066 1
001067 3
001068 2
001069 1
001070 1
001071 2
001072 1
001073 2
001074 2
001075 2
001076 1
001077 2
001078 1
001079 2
001080 1
001081 1
001082 1
001083 1
001084 1
001085 2
001086 1
001087 2
001088 1
001089 2
001090 3
001091 2
001092 1
001093 2
001094 2
001095 1
001096 3
001097 1
001098 2
001099 2
001100 2
001101 1
001102 2
001103 1
001104 2
001105 2
001106 2
001107 1
001108 2
001109 2
001110 2
001111 2
001112 2
001113 2
001114 1
001115 1
001116 1
001117 2
001118 2
001119 2
001120 2
001121 2
001122 2
001123 3
001124 1
001125 1
001126 2
001127 2
001128 2
001129 2
001130 2
001131 2
001132 1
001133 2
001134 3
001135 2
001136 2
001137 1
001138 2
001139 3
001140 2
001141 2
001142 1
001143 1
001144 2
001145 1
001146 2
001147 1
001148 2
001149 1
001150 2
001151 2
001152 2
001153 3
001154 2
001155 1
001156 2
001157 1
001158 2
001159 2
001160 2
001161 2
001162 2
001163 2
001164 2
001165 1
001166 2
001167 2
001168 1
001169 1
001170 2
001171 2
001172 2