000001 3
000002 1
000003 3
000004 3
000005 1
000006 3
000007 3
000008 1
000009 3
000010 1
000011 2
000012 3
000013 3
000014 1
000015 1
000016 3
000017 1
000018 1
000019 3
000020 3
000021 1
000022 1
000023 3
000024 3
000025 1
000026 3
000027 3
000028 3
000029 3
000030 3
000031 3
000032 3
000033 3
000034 1
000035 3
000036 2
000037 3
000038 2
000039 3
000040 1
000041 3
000042 1
000043 2
000044 1
000045 1
000046 3
000047 3
000048 3
000049 3
000050 3
000051 3
000052 3
000053 3
000054 3
000055 1
000056 1
000057 1
000058 1
000059 1
000060 3
000061 3
000062 2
000063 1
000064 1
000065 1
000066 3
000067 1
000068 3
000069 1
000070 3
000071 3
000072 1
000073 3
000074 3
000075 1
000076 1
000077 3
000078 1
000079 3
000080 3
000081 3
000082 1
000083 3
000084 3
000085 3
000086 3
000087 1
000088 3
000089 3
000090 1
000091 1
000092 1
000093 1
000094 1
000095 3
000096 3
000097 1
000098 3
000099 1
000100 3
000101 1
000102 3
000103 1
000104 1
000105 1
000106 1
000107 3
000108 3
000109 1
000110 3
000111 1
000112 1
000113 3
000114 2
000115 1
000116 3
000117 1
000118 1
000119 3
000120 3
000121 1
000122 3
000123 3
000124 3
000125 1
000126 3
000127 1
000128 1
000129 3
000130 2
000131 1
000132 2
000133 3
000134 1
000135 1
000136 1
000137 1
000138 3
000139 3
000140 1
000141 2
000142 3
000143 1
000144 3
000145 3
000146 1
000147 2
000148 1
000149 3
000150 3
000151 1
000152 3
000153 1
000154 3
000155 2
000156 1
000157 3
000158 1
000159 3
000160 3
000161 1
000162 1
000163 1
000164 1
000165 2
000166 3
000167 1
000168 1
000169 3
000170 1
000171 3
000172 2
000173 1
000174 2
000175 1
000176 1
000177 3
000178 1
000179 1
000180 1
000181 3
000182 2
000183 1
000184 3
000185 1
000186 1
000187 3
000188 1
000189 1
000190 3
000191 3
000192 3
000193 1
000194 1
000195 3
000196 2
000197 3
000198 3
000199 1
000200 3
000201 1
000202 1
000203 1
000204 3
000205 3
000206 3
000207 1
000208 1
000209 3
000210 3
000211 3
000212 3
000213 1
000214 1
000215 1
000216 1
000217 3
000218 3
000219 3
000220 1
000221 3
000222 3
000223 3
000224 1
000225 1
000226 1
000227 3
000228 2
000229 1
000230 3
000231 3
000232 3
000233 1
000234 1
000235 2
000236 2
000237 2
000238 1
000239 3
000240 3
000241 1
000242 3
000243 3
000244 3
000245 2
000246 3
000247 3
000248 3
000249 3
000250 1
000251 2
000252 1
000253 1
000254 2
000255 1
000256 3
000257 1
000258 2
000259 3
000260 3
000261 1
000262 2
000263 1
000264 1
000265 1
000266 3
000267 1
000268 3
000269 3
000270 3
000271 2
000272 3
000273 2
000274 1
000275 2
000276 1
000277 3
000278 3
000279 3
000280 3
000281 3
000282 3
000283 3
000284 1
000285 1
000286 2
000287 1
000288 1
000289 3
000290 3
000291 3
000292 1
000293 3
000294 1
000295 2
000296 1
000297 1
000298 3
000299 3
000300 3
000301 3
000302 3
000303 1
000304 3
000305 1
000306 3
000307 3
000308 3
000309 1
000310 3
000311 1
000312 1
000313 3
000314 3
000315 1
000316 1
000317 3
000318 3
000319 3
000320 3
000321 1
000322 1
000323 3
000324 2
000325 3
000326 3
000327 3
000328 1
000329 3
000330 1
000331 3
000332 3
000333 1
000334 3
000335 3
000336 2
000337 1
000338 3
000339 1
000340 3
000341 3
000342 1
000343 2
000344 3
000345 3
000346 3
000347 2
000348 3
000349 2
000350 3
000351 1
000352 1
000353 3
000354 1
000355 3
000356 3
000357 1
000358 1
000359 1
000360 1
000361 3
000362 2
000363 3
000364 1
000365 1
000366 1
000367 1
000368 3
000369 1
000370 1
000371 2
000372 3
000373 1
000374 3
000375 3
000376 1
000377 2
000378 3
000379 3
000380 1
000381 1
000382 1
000383 1
000384 1
000385 3
000386 3
000387 1
000388 3
000389 3
000390 3
000391 1
000392 3
000393 1
000394 3
000395 1
000396 3
000397 3
000398 3
000399 3
000400 3
000401 3
000402 1
000403 1
000404 3
000405 1
000406 1
000407 1
000408 3
000409 1
000410 1
000411 1
000412 3
000413 1
000414 3
000415 3
000416 3
000417 3
000418 3
000419 3
000420 3
000421 1
000422 1
000423 3
000424 1
000425 1
000426 3
000427 3
000428 3
000429 3
000430 2
000431 3
000432 3
000433 3
000434 1
000435 3
000436 3
000437 3
000438 3
000439 3
000440 1
000441 3
000442 3
000443 2
000444 1
000445 1
000446 2
000447 3
000448 1
000449 1
000450 2
000451 3
000452 1
000453 3
000454 1
000455 3
000456 1
000457 3
000458 1
000459 3
000460 1
000461 3
000462 1
000463 3
000464 3
000465 3
000466 3
000467 1
000468 3
000469 1
000470 1
000471 1
000472 3
000473 1
000474 1
000475 1
000476 3
000477 1
000478 1
000479 1
000480 3
000481 3
000482 1
000483 1
000484 3
000485 1
000486 1
000487 1
000488 1
000489 3
000490 1
000491 1
000492 3
000493 1
000494 3
000495 1
000496 2
000497 1
000498 3
000499 2
000500 3
000501 1
000502 3
000503 3
000504 1
000505 3
000506 1
000507 3
000508 1
000509 3
000510 3
000511 1
000512 3
000513 3
000514 3
000515 3
000516 3
000517 3
000518 3
000519 3
000520 3
000521 1
000522 1
000523 3
000524 3
000525 3
000526 1
000527 3
000528 1
000529 1
000530 1
000531 3
000532 1
000533 3
000534 3
000535 1
000536 3
000537 1
000538 3
000539 1
000540 1
000541 3
000542 1
000543 3
000544 3
000545 3
000546 1
000547 1
000548 3
000549 3
000550 1
000551 3
000552 1
000553 2
000554 1
000555 3
000556 1
000557 1
000558 2
000559 1
000560 3
000561 1
000562 3
000563 3
000564 3
000565 1
000566 3
000567 3
000568 3
000569 3
000570 3
000571 1
000572 3
000573 3
000574 1
000575 3
000576 1
000577 2
000578 1
000579 3
000580 1
000581 3
000582 3
000583 1
000584 1
000585 3
000586 1
000587 3
000588 3
000589 3
000590 3
000591 1
000592 3
000593 2
000594 1
000595 2
000596 3
000597 3
000598 3
000599 3
000600 3
000601 3
000602 3
000603 1
000604 3
000605 1
000606 3
000607 3
000608 3
000609 1
000610 3
000611 3
000612 1
000613 2
000614 1
000615 1
000616 3
000617 1
000618 1
000619 2
000620 1
000621 1
000622 3
000623 1
000624 1
000625 2
000626 1
000627 1
000628 3
000629 3
000630 3
000631 1
000632 3
000633 3
000634 3
000635 3
000636 3
000637 3
000638 1
000639 3
000640 3
000641 3
000642 1
000643 3
000644 1
000645 3
000646 3
000647 2
000648 1
000649 2
000650 3
000651 1
000652 2
000653 1
000654 3
000655 3
000656 1
000657 1
000658 1
000659 1
000660 3
000661 2
000662 3
000663 2
000664 1
000665 3
000666 2
000667 3
000668 3
000669 2
000670 1
000671 3
000672 3
000673 3
000674 1
000675 2
000676 3
000677 3
000678 2
000679 3
000680 1
000681 1
000682 1
000683 3
000684 3
000685 1
000686 3
000687 1
000688 1
000689 1
000690 1
000691 3
000692 1
000693 3
000694 3
000695 3
000696 1
000697 3
000698 1
000699 3
000700 1
000701 2
000702 1
000703 1
000704 3
000705 1
000706 3
000707 3
000708 3
000709 1
000710 3
000711 3
000712 3
000713 3
000714 1
000715 3
000716 3
000717 1
000718 1
000719 3
000720 1
000721 3
000722 1
000723 1
000724 2
000725 3
000726 3
000727 1
000728 3
000729 3
000730 1
000731 1
000732 1
000733 1
000734 1
000735 1
000736 1
000737 1
000738 1
000739 1
000740 3
000741 1
000742 3
000743 1
000744 3
000745 3
000746 1
000747 3
000748 1
000749 2
000750 3
000751 1
000752 1
000753 1
000754 3
000755 1
000756 3
000757 1
000758 2
000759 3
000760 2
000761 1
000762 1
000763 2
000764 3
000765 3
000766 2
000767 3
000768 1
000769 2
000770 1
000771 2
000772 1
000773 1
000774 3
000775 1
000776 2
000777 1
000778 1
000779 3
000780 1
000781 3
000782 3
000783 3
000784 3
000785 1
000786 3
000787 1
000788 3
000789 3
000790 3
000791 3
000792 3
000793 1
000794 1
000795 2
000796 3
000797 2
000798 3
000799 3
000800 1
000801 1
000802 3
000803 3
000804 1
000805 3
000806 1
000807 1
000808 1
000809 1
000810 1
000811 3
000812 3
000813 2
000814 1
000815 3
000816 1
000817 1
000818 3
000819 1
000820 3
000821 3
000822 3
000823 3
000824 1
000825 1
000826 1
000827 1
000828 1
000829 1
000830 1
000831 3
000832 3
000833 1
000834 1
000835 1
000836 3
000837 3
000838 1
000839 1
000840 3
000841 3
000842 3
000843 3
000844 3
000845 1
000846 1
000847 1
000848 2
000849 3
000850 1
000851 3
000852 2
000853 1
000854 1
000855 1
000856 1
000857 1
000858 2
000859 1
000860 3
000861 1
000862 1
000863 3
000864 3
000865 3
000866 3
000867 3
000868 1
000869 1
000870 1
000871 3
000872 3
000873 3
000874 1
000875 3
000876 3
000877 1
000878 2
000879 3
000880 3
000881 1
000882 1
000883 3
000884 3
000885 3
000886 3
000887 1
000888 3
000889 3
000890 1
000891 1
000892 1
000893 3
000894 3
000895 1
000896 3
000897 3
000898 1
000899 1
000900 3
000901 1
000902 3
000903 1
000904 3
000905 3
000906 1
000907 2
000908 1
000909 3
000910 3
000911 3
000912 3
000913 3
000914 3
000915 3
000916 3
000917 3
000918 2
000919 3
000920 3
000921 1
000922 3
000923 3
000924 1
000925 3
000926 1
000927 1
000928 1
000929 2
000930 1
000931 2
000932 1
000933 3
000934 3
000935 3
000936 3
000937 2
000938 3
000939 3
000940 2
000941 1
000942 3
000943 1
000944 3
000945 3
000946 3
000947 2
000948 1
000949 2
000950 3
000951 1
000952 1
000953 1
000954 1
000955 1
000956 1
000957 1
000958 1
000959 3
000960 1
000961 3
000962 3
000963 1
000964 1
000965 1
000966 1
000967 3
000968 1
000969 3
000970 1
000971 1
000972 3
000973 3
000974 3
000975 1
000976 3
000977 3
000978 2
000979 3
000980 3
000981 3
000982 2
000983 1
000984 3
000985 3
000986 1
000987 1
000988 3
000989 3
000990 3
000991 1
000992 1
000993 3
000994 3
000995 3
000996 3
000997 1
000998 3
000999 1
001000 1
001001 3
001002 1
001003 3
001004 2
001005 3
001006 1
001007 1
001008 3
001009 3
001010 3
001011 3
001012 2
001013 3
001014 3
001015 3
001016 1
001017 1
001018 1
001019 3
001020 3
001021 3
001022 3
001023 1
001024 1
001025 1
001026 1
001027 1
001028 1
001029 3
001030 1
001031 1
001032 3
001033 1
001034 1
001035 1
001036 2
001037 1
001038 3
001039 2
001040 1
001041 3
001042 3
001043 3
001044 1
001045 3
001046 1
001047 3
001048 3
001049 1
001050 1
001051 3
001052 1
001053 3
001054 3
001055 2
001056 2
001057 3
001058 1
001059 3
001060 3
001061 1
001062 3
001063 3
001064 1
001065 1
001066 1
001067 1
001068 3
001069 1
001070 1
001071 3
001072 1
001073 3
001074 3
001075 3
001076 1
001077 3
001078 1
001079 3
001080 1
001081 1
001082 1
001083 1
001084 1
001085 2
001086 1
001087 3
001088 1
001089 3
001090 3
001091 3
001092 1
001093 2
001094 3
001095 1
001096 3
001097 1
001098 3
001099 3
001100 3
001101 1
001102 3
001103 1
001104 3
001105 3
001106 3
001107 1
001108 3
001109 3
001110 3
001111 2
001112 3
001113 3
001114 1
001115 1
001116 1
001117 3
001118 3
001119 2
001120 2
001121 3
001122 3
001123 3
001124 1
001125 1
001126 2
001127 3
001128 2
001129 3
001130 2
001131 3
001132 1
001133 2
001134 1
001135 3
001136 3
001137 1
001138 3
001139 3
001140 3
001141 3
001142 1
001143 1
001144 2
001145 1
001146 3
001147 1
001148 3
001149 1
001150 3
001151 3
001152 2
001153 3
001154 2
001155 1
001156 3
001157 1
001158 3
001159 3
001160 3
001161 3
001162 3
001163 3
001164 3
001165 1
001166 3
001167 2
001168 1
001169 1
001170 3
001171 2
001172 2
