000001 1
000002 2
000003 1
000004 1
000005 2
000006 1
000007 2
000008 1
000009 1
000010 1
000011 2
000012 2
000013 3
000014 2
000015 2
000016 2
000017 2
000018 2
000019 2
000020 3
000021 2
000022 2
000023 2
000024 1
000025 2
000026 2
000027 1
000028 2
000029 3
000030 3
000031 2
000032 3
000033 1
000034 1
000035 1
000036 2
000037 2
000038 1
000039 1
000040 1
000041 1
000042 1
000043 1
000044 1
000045 2
000046 2
000047 1
000048 2
000049 2
000050 1
000051 1
000052 2
000053 2
000054 2
000055 1
000056 1
000057 1
000058 1
000059 2
000060 2
000061 1
000062 2
000063 2
000064 2
000065 2
000066 1
000067 2
000068 2
000069 1
000070 1
000071 2
000072 2
000073 1
000074 2
000075 1
000076 1
000077 2
000078 2
000079 3
000080 1
000081 2
000082 2
000083 2
000084 2
000085 2
000086 1
000087 2
000088 3
000089 2
000090 2
000091 1
000092 1
000093 2
000094 2
000095 1
000096 2
000097 1
000098 1
000099 2
000100 1
000101 2
000102 2
000103 1
000104 1
000105 3
000106 1
000107 2
000108 2
000109 2
000110 2
000111 1
000112 1
000113 1
000114 1
000115 2
000116 1
000117 2
000118 2
000119 1
000120 1
000121 2
000122 2
000123 1
000124 1
000125 1
000126 1
000127 2
000128 3
000129 2
000130 2
000131 2
000132 2
000133 1
000134 1
000135 2
000136 2
000137 2
000138 2
000139 2
000140 1
000141 1
000142 2
000143 2
000144 2
000145 1
000146 1
000147 2
000148 2
000149 1
000150 2
000151 1
000152 1
000153 2
000154 3
000155 2
000156 2
000157 1
000158 3
000159 1
000160 3
000161 1
000162 2
000163 1
000164 1
000165 1
000166 2
000167 3
000168 1
000169 2
000170 1
000171 2
000172 1
000173 2
000174 1
000175 3
000176 2
000177 2
000178 2
000179 1
000180 2
000181 2
000182 1
000183 2
000184 2
000185 2
000186 1
000187 2
000188 1
000189 1
000190 1
000191 2
000192 2
000193 3
000194 1
000195 2
000196 2
000197 2
000198 1
000199 2
000200 1
000201 3
000202 1
000203 3
000204 2
000205 2
000206 2
000207 1
000208 2
000209 1
000210 3
000211 1
000212 1
000213 1
000214 1
000215 2
000216 1
000217 1
000218 2
000219 1
000220 1
000221 2
000222 1
000223 1
000224 1
000225 1
000226 1
000227 1
000228 1
000229 2
000230 2
000231 1
000232 2
000233 2
000234 1
000235 1
000236 1
000237 1
000238 2
000239 1
000240 1
000241 2
000242 2
000243 2
000244 1
000245 2
000246 1
000247 1
000248 2
000249 2
000250 1
000251 2
000252 1
000253 1
000254 1
000255 2
000256 2
000257 1
000258 3
000259 2
000260 2
000261 2
000262 2
000263 3
000264 1
000265 2
000266 1
000267 3
000268 3
000269 1
000270 2
000271 2
000272 3
000273 1
000274 1
000275 1
000276 1
000277 3
000278 2
000279 2
000280 2
000281 2
000282 1
000283 2
000284 1
000285 3
000286 2
000287 1
000288 1
000289 3
000290 2
000291 1
000292 1
000293 1
000294 2
000295 3
000296 1
000297 1
000298 2
000299 2
000300 1
000301 1
000302 1
000303 1
000304 2
000305 3
000306 1
000307 3
000308 1
000309 1
000310 1
000311 2
000312 2
000313 2
000314 2
000315 1
000316 2
000317 2
000318 2
000319 2
000320 3
000321 1
000322 1
000323 1
000324 3
000325 2
000326 2
000327 3
000328 2
000329 1
000330 2
000331 1
000332 1
000333 1
000334 1
000335 2
000336 1
000337 2
000338 2
000339 1
000340 1
000341 1
000342 1
000343 1
000344 1
000345 2
000346 3
000347 1
000348 1
000349 2
000350 2
000351 2
000352 2
000353 1
000354 1
000355 2
000356 1
000357 1
000358 2
000359 2
000360 2
000361 1
000362 3
000363 1
000364 1
000365 1
000366 2
000367 1
000368 2
000369 1
000370 1
000371 2
000372 3
000373 3
000374 2
000375 2
000376 2
000377 1
000378 1
000379 2
000380 1
000381 1
000382 1
000383 1
000384 1
000385 2
000386 1
000387 2
000388 1
000389 1
000390 2
000391 2
000392 2
000393 2
000394 1
000395 3
000396 1
000397 1
000398 1
000399 1
000400 1
000401 1
000402 2
000403 1
000404 3
000405 2
000406 1
000407 1
000408 2
000409 1
000410 2
000411 2
000412 1
000413 2
000414 2
000415 1
000416 3
000417 1
000418 2
000419 2
000420 3
000421 1
000422 1
000423 1
000424 2
000425 1
000426 1
000427 2
000428 1
000429 2
000430 1
000431 2
000432 2
000433 1
000434 2
000435 1
000436 2
000437 1
000438 2
000439 1
000440 1
000441 1
000442 1
000443 2
000444 1
000445 2
000446 3
000447 3
000448 2
000449 2
000450 1
000451 2
000452 2
000453 2
000454 1
000455 1
000456 2
000457 1
000458 2
000459 1
000460 2
000461 1
000462 2
000463 2
000464 1
000465 1
000466 2
000467 3
000468 3
000469 2
000470 2
000471 2
000472 1
000473 1
000474 1
000475 1
000476 3
000477 2
000478 1
000479 2
000480 1
000481 2
000482 2
000483 1
000484 2
000485 2
000486 2
000487 1
000488 2
000489 2
000490 2
000491 1
000492 2
000493 1
000494 1
000495 1
000496 1
000497 2
000498 1
000499 2
000500 1
000501 2
000502 2
000503 1
000504 2
000505 1
000506 2
000507 2
000508 2
000509 2
000510 2
000511 1
000512 1
000513 1
000514 1
000515 1
000516 1
000517 1
000518 1
000519 3
000520 2
000521 1
000522 2
000523 2
000524 1
000525 2
000526 1
000527 2
000528 2
000529 3
000530 1
000531 2
000532 1
000533 1
000534 1
000535 1
000536 1
000537 1
000538 2
000539 2
000540 2
000541 2
000542 2
000543 2
000544 2
000545 2
000546 2
000547 1
000548 2
000549 2
000550 1
000551 1
000552 2
000553 3
000554 2
000555 2
000556 2
000557 1
000558 1
000559 1
000560 3
000561 3
000562 2
000563 2
000564 2
000565 1
000566 1
000567 1
000568 1
000569 2
000570 1
000571 1
000572 2
000573 3
000574 1
000575 2
000576 1
000577 2
000578 1
000579 2
000580 1
000581 1
000582 3
000583 2
000584 1
000585 2
000586 1
000587 2
000588 2
000589 2
000590 2
000591 1
000592 1
000593 1
000594 2
000595 1
000596 3
000597 2
000598 2
000599 1
000600 2
000601 2
000602 2
000603 1
000604 2
000605 2
000606 3
000607 1
000608 2
000609 1
000610 1
000611 2
000612 1
000613 2
000614 2
000615 2
000616 1
000617 2
000618 1
000619 2
000620 1
000621 2
000622 1
000623 1
000624 1
000625 1
000626 1
000627 1
000628 2
000629 2
000630 2
000631 2
000632 1
000633 2
000634 1
000635 2
000636 1
000637 1
000638 1
000639 2
000640 1
000641 2
000642 1
000643 1
000644 2
000645 3
000646 2
000647 1
000648 1
000649 1
000650 1
000651 1
000652 1
000653 1
000654 2
000655 2
000656 1
000657 1
000658 2
000659 1
000660 2
000661 2
000662 2
000663 2
000664 2
000665 1
000666 1
000667 2
000668 2
000669 3
000670 1
000671 1
000672 1
000673 1
000674 1
000675 2
000676 2
000677 1
000678 1
000679 2
000680 1
000681 1
000682 1
000683 2
000684 1
000685 1
000686 1
000687 1
000688 2
000689 2
000690 1
000691 2
000692 2
000693 2
000694 3
000695 1
000696 1
000697 2
000698 2
000699 2
000700 1
000701 2
000702 1
000703 1
000704 1
000705 1
000706 2
000707 2
000708 2
000709 3
000710 2
000711 1
000712 1
000713 2
000714 1
000715 2
000716 2
000717 2
000718 1
000719 2
000720 1
000721 1
000722 1
000723 2
000724 2
000725 2
000726 1
000727 1
000728 3
000729 2
000730 3
000731 2
000732 1
000733 2
000734 2
000735 2
000736 2
000737 2
000738 2
000739 1
000740 1
000741 1
000742 1
000743 2
000744 2
000745 1
000746 2
000747 3
000748 2
000749 2
000750 1
000751 2
000752 1
000753 2
000754 2
000755 1
000756 1
000757 2
000758 2
000759 1
000760 2
000761 1
000762 2
000763 2
000764 1
000765 2
000766 3
000767 2
000768 1
000769 2
000770 2
000771 1
000772 3
000773 3
000774 1
000775 2
000776 3
000777 1
000778 1
000779 1
000780 1
000781 1
000782 1
000783 1
000784 2
000785 1
000786 1
000787 1
000788 2
000789 2
000790 2
000791 2
000792 1
000793 1
000794 1
000795 2
000796 2
000797 2
000798 2
000799 1
000800 3
000801 3
000802 1
000803 1
000804 2
000805 2
000806 1
000807 1
000808 2
000809 1
000810 2
000811 1
000812 2
000813 1
000814 2
000815 1
000816 3
000817 2
000818 1
000819 3
000820 1
000821 3
000822 2
000823 1
000824 1
000825 1
000826 2
000827 1
000828 3
000829 1
000830 2
000831 1
000832 2
000833 3
000834 2
000835 1
000836 2
000837 2
000838 1
000839 1
000840 1
000841 1
000842 2
000843 1
000844 2
000845 1
000846 2
000847 2
000848 2
000849 2
000850 1
000851 2
000852 1
000853 1
000854 3
000855 2
000856 1
000857 2
000858 2
000859 3
000860 1
000861 2
000862 1
000863 1
000864 1
000865 2
000866 3
000867 1
000868 2
000869 2
000870 3
000871 2
000872 1
000873 2
000874 1
000875 3
000876 2
000877 1
000878 2
000879 2
000880 2
000881 1
000882 2
000883 2
000884 2
000885 1
000886 3
000887 1
000888 2
000889 1
000890 2
000891 1
000892 2
000893 1
000894 3
000895 2
000896 2
000897 2
000898 1
000899 1
000900 2
000901 3
000902 2
000903 1
000904 1
000905 1
000906 2
000907 2
000908 1
000909 2
000910 2
000911 3
000912 1
000913 1
000914 2
000915 1
000916 1
000917 1
000918 1
000919 1
000920 2
000921 1
000922 2
000923 1
000924 1
000925 3
000926 1
000927 2
000928 1
000929 1
000930 1
000931 2
000932 2
000933 1
000934 2
000935 2
000936 1
000937 2
000938 1
000939 2
000940 1
000941 2
000942 1
000943 2
000944 1
000945 1
000946 2
000947 1
000948 1
000949 2
000950 3
000951 1
000952 3
000953 2
000954 3
000955 2
000956 2
000957 2
000958 1
000959 2
000960 1
000961 2
000962 1
000963 1
000964 2
000965 1
000966 2
000967 2
000968 2
000969 1
000970 2
000971 1
000972 2
000973 1
000974 2
000975 1
000976 2
000977 1
000978 1
000979 2
000980 2
000981 1
000982 1
000983 2
000984 2
000985 2
000986 2
000987 2
000988 2
000989 2
000990 2
000991 1
000992 1
000993 2
000994 1
000995 3
000996 1
000997 2
000998 3
000999 1
001000 2
001001 1
001002 2
001003 3
001004 2
001005 3
001006 1
001007 2
001008 2
001009 2
001010 1
001011 1
001012 2
001013 1
001014 1
001015 1
001016 2
001017 1
001018 2
001019 2
001020 1
001021 2
001022 1
001023 2
001024 1
001025 1
001026 1
001027 3
001028 2
001029 2
001030 2
001031 1
001032 2
001033 2
001034 2
001035 2
001036 1
001037 2
001038 1
001039 2
001040 1
001041 1
001042 1
001043 2
001044 2
001045 2
001046 1
001047 2
001048 1
001049 1
001050 2
001051 1
001052 2
001053 3
001054 1
001055 1
001056 1
001057 1
001058 2
001059 2
001060 2
001061 1
001062 2
001063 1
001064 1
001065 2
001066 1
001067 3
001068 1
001069 2
001070 1
001071 2
001072 1
001073 2
001074 1
001075 1
001076 2
001077 2
001078 2
001079 2
001080 2
001081 1
001082 1
001083 1
001084 1
001085 1
001086 1
001087 1
001088 1
001089 1
001090 3
001091 2
001092 2
001093 1
001094 1
001095 1
001096 3
001097 2
001098 1
001099 1
001100 1
001101 2
001102 2
001103 1
001104 1
001105 1
001106 1
001107 1
001108 1
001109 2
001110 1
001111 2
001112 1
001113 2
001114 1
001115 2
001116 1
001117 2
001118 2
001119 1
001120 1
001121 2
001122 1
001123 3
001124 2
001125 1
001126 1
001127 1
001128 1
001129 2
001130 1
001131 2
001132 1
001133 1
001134 3
001135 2
001136 1
001137 1
001138 2
001139 3
001140 1
001141 2
001142 2
001143 1
001144 1
001145 1
001146 2
001147 2
001148 1
001149 1
001150 2
001151 1
001152 2
001153 3
001154 2
001155 1
001156 1
001157 1
001158 2
001159 1
001160 2
001161 2
001162 2
001163 1
001164 1
001165 2
001166 2
001167 2
001168 1
001169 1
001170 2
001171 2
001172 2